TreeID,TMP_RandomR2,PRE_RandomR2,DTR_RandomR2
1,0.379,0.29,0.123
2,0.377,0.279,0.115
3,0.374,0.27,0.109
4,0.376,0.28,0.117
5,0.38,0.283,0.108
6,0.385,0.268,0.098
7,0.394,0.302,0.121
8,0.368,0.277,0.112
9,0.384,0.265,0.108
10,0.373,0.265,0.112
11,0.386,0.278,0.108
12,0.37,0.294,0.116
13,0.382,0.29,0.111
14,0.373,0.278,0.11
15,0.379,0.275,0.106
16,0.38,0.277,0.113
17,0.372,0.289,0.11
18,0.369,0.266,0.107
19,0.379,0.28,0.111
20,0.374,0.279,0.126
21,0.372,0.285,0.124
22,0.378,0.286,0.11
23,0.38,0.297,0.113
24,0.372,0.274,0.106
25,0.378,0.274,0.11
26,0.382,0.268,0.119
27,0.385,0.287,0.12
28,0.374,0.283,0.124
29,0.383,0.276,0.115
30,0.38,0.27,0.112
31,0.375,0.278,0.109
32,0.367,0.281,0.114
33,0.38,0.267,0.117
34,0.369,0.276,0.118
35,0.383,0.29,0.128
36,0.372,0.277,0.111
37,0.365,0.296,0.111
38,0.386,0.298,0.124
39,0.378,0.26,0.106
40,0.373,0.271,0.115
41,0.391,0.293,0.124
42,0.373,0.275,0.106
43,0.376,0.276,0.116
44,0.385,0.287,0.125
45,0.376,0.276,0.102
46,0.383,0.278,0.109
47,0.373,0.273,0.119
48,0.384,0.291,0.118
49,0.372,0.274,0.117
50,0.38,0.275,0.109
51,0.375,0.281,0.111
52,0.373,0.272,0.103
53,0.377,0.277,0.115
54,0.371,0.271,0.118
55,0.372,0.281,0.109
56,0.37,0.277,0.114
57,0.372,0.266,0.105
58,0.389,0.292,0.112
59,0.376,0.28,0.122
60,0.365,0.269,0.11
61,0.375,0.265,0.109
62,0.381,0.275,0.116
63,0.382,0.294,0.123
64,0.371,0.28,0.119
65,0.368,0.279,0.11
66,0.373,0.278,0.112
67,0.365,0.275,0.117
68,0.37,0.268,0.114
69,0.386,0.289,0.112
70,0.382,0.277,0.115
71,0.372,0.278,0.126
72,0.37,0.269,0.112
73,0.373,0.283,0.129
74,0.374,0.281,0.118
75,0.379,0.303,0.117
76,0.372,0.278,0.116
77,0.389,0.3,0.131
78,0.375,0.27,0.115
79,0.383,0.294,0.117
80,0.38,0.273,0.117
81,0.377,0.268,0.107
82,0.385,0.281,0.124
83,0.373,0.281,0.119
84,0.381,0.296,0.131
85,0.37,0.288,0.118
86,0.378,0.276,0.107
87,0.383,0.295,0.113
88,0.36,0.266,0.111
89,0.374,0.283,0.118
90,0.382,0.279,0.111
91,0.364,0.285,0.12
92,0.377,0.286,0.13
93,0.386,0.27,0.117
94,0.371,0.267,0.104
95,0.379,0.289,0.118
96,0.376,0.274,0.117
97,0.365,0.292,0.119
98,0.378,0.284,0.114
99,0.381,0.268,0.107
100,0.376,0.266,0.108
101,0.347,0.264,0.114
102,0.356,0.269,0.105
103,0.367,0.256,0.078
104,0.363,0.289,0.117
105,0.346,0.248,0.089
106,0.347,0.267,0.112
107,0.347,0.279,0.11
108,0.353,0.289,0.129
109,0.349,0.26,0.115
110,0.37,0.273,0.103
111,0.342,0.267,0.111
112,0.37,0.28,0.094
113,0.355,0.274,0.11
114,0.353,0.281,0.111
115,0.367,0.247,0.1
116,0.353,0.279,0.108
117,0.349,0.283,0.115
118,0.357,0.259,0.099
119,0.371,0.263,0.088
120,0.354,0.268,0.116
121,0.349,0.263,0.093
122,0.365,0.28,0.114
123,0.36,0.272,0.099
124,0.365,0.269,0.096
125,0.367,0.276,0.094
126,0.349,0.255,0.089
127,0.365,0.276,0.113
128,0.353,0.283,0.105
129,0.356,0.266,0.102
130,0.373,0.284,0.115
131,0.332,0.246,0.086
132,0.349,0.259,0.082
133,0.366,0.26,0.099
134,0.36,0.254,0.101
135,0.361,0.271,0.102
136,0.331,0.262,0.11
137,0.358,0.258,0.109
138,0.359,0.265,0.093
139,0.35,0.261,0.107
140,0.364,0.274,0.11
141,0.367,0.268,0.098
142,0.354,0.273,0.107
143,0.368,0.248,0.103
144,0.375,0.254,0.104
145,0.372,0.266,0.095
146,0.345,0.268,0.115
147,0.361,0.261,0.096
148,0.36,0.265,0.103
149,0.351,0.264,0.104
150,0.343,0.273,0.095
151,0.346,0.255,0.084
152,0.363,0.253,0.084
153,0.352,0.263,0.09
154,0.364,0.271,0.111
155,0.372,0.261,0.108
156,0.365,0.264,0.109
157,0.359,0.259,0.107
158,0.362,0.264,0.102
159,0.352,0.248,0.108
160,0.343,0.251,0.118
161,0.359,0.254,0.082
162,0.354,0.263,0.108
163,0.349,0.262,0.108
164,0.342,0.268,0.107
165,0.343,0.255,0.093
166,0.354,0.254,0.094
167,0.346,0.275,0.122
168,0.382,0.295,0.125
169,0.361,0.28,0.1
170,0.392,0.297,0.106
171,0.363,0.263,0.103
172,0.369,0.26,0.092
173,0.365,0.288,0.114
174,0.355,0.276,0.121
175,0.365,0.252,0.114
176,0.344,0.253,0.106
177,0.349,0.26,0.097
178,0.36,0.261,0.105
179,0.365,0.265,0.112
180,0.341,0.269,0.115
181,0.374,0.269,0.105
182,0.357,0.26,0.109
183,0.338,0.254,0.106
184,0.376,0.283,0.104
185,0.357,0.251,0.113
186,0.354,0.261,0.078
187,0.371,0.27,0.13
188,0.354,0.255,0.087
189,0.342,0.253,0.093
190,0.365,0.265,0.089
191,0.351,0.273,0.101
192,0.353,0.267,0.098
193,0.368,0.262,0.098
194,0.373,0.267,0.112
195,0.366,0.279,0.109
196,0.351,0.264,0.103
197,0.341,0.239,0.1
198,0.367,0.288,0.112
199,0.352,0.274,0.09
200,0.357,0.286,0.113
201,0.37,0.271,0.098
202,0.369,0.289,0.109
203,0.377,0.269,0.115
204,0.37,0.28,0.111
205,0.387,0.283,0.117
206,0.364,0.284,0.114
207,0.368,0.268,0.107
208,0.36,0.272,0.117
209,0.366,0.276,0.11
210,0.36,0.267,0.106
211,0.37,0.283,0.1
212,0.369,0.296,0.106
213,0.367,0.272,0.105
214,0.363,0.277,0.101
215,0.363,0.267,0.103
216,0.37,0.262,0.096
217,0.386,0.312,0.122
218,0.361,0.273,0.104
219,0.383,0.291,0.111
220,0.373,0.269,0.119
221,0.365,0.283,0.11
222,0.369,0.273,0.108
223,0.364,0.297,0.109
224,0.369,0.276,0.107
225,0.377,0.277,0.105
226,0.379,0.29,0.141
227,0.364,0.269,0.106
228,0.369,0.268,0.108
229,0.361,0.276,0.107
230,0.364,0.262,0.103
231,0.356,0.288,0.108
232,0.364,0.273,0.106
233,0.367,0.275,0.111
234,0.376,0.277,0.109
235,0.374,0.284,0.109
236,0.374,0.287,0.118
237,0.369,0.272,0.109
238,0.371,0.284,0.109
239,0.388,0.29,0.113
240,0.372,0.289,0.116
241,0.371,0.284,0.105
242,0.382,0.301,0.119
243,0.371,0.275,0.111
244,0.358,0.263,0.102
245,0.365,0.273,0.106
246,0.367,0.276,0.104
247,0.368,0.298,0.123
248,0.369,0.285,0.108
249,0.37,0.273,0.118
250,0.377,0.282,0.107
251,0.379,0.29,0.126
252,0.378,0.285,0.105
253,0.373,0.259,0.101
254,0.375,0.278,0.093
255,0.381,0.287,0.111
256,0.371,0.291,0.121
257,0.377,0.276,0.108
258,0.371,0.285,0.12
259,0.371,0.286,0.106
260,0.373,0.273,0.113
261,0.371,0.269,0.108
262,0.371,0.29,0.113
263,0.369,0.281,0.106
264,0.365,0.272,0.098
265,0.374,0.292,0.122
266,0.375,0.279,0.118
267,0.371,0.284,0.105
268,0.375,0.275,0.099
269,0.364,0.28,0.114
270,0.367,0.264,0.111
271,0.375,0.266,0.102
272,0.372,0.259,0.103
273,0.367,0.268,0.103
274,0.383,0.276,0.113
275,0.377,0.289,0.109
276,0.367,0.279,0.125
277,0.364,0.277,0.118
278,0.363,0.269,0.104
279,0.379,0.288,0.115
280,0.392,0.269,0.101
281,0.368,0.269,0.109
282,0.382,0.304,0.122
283,0.38,0.286,0.112
284,0.366,0.276,0.109
285,0.368,0.279,0.105
286,0.372,0.271,0.113
287,0.37,0.281,0.103
288,0.373,0.279,0.116
289,0.384,0.304,0.114
290,0.363,0.276,0.109
291,0.367,0.278,0.109
292,0.369,0.281,0.117
293,0.364,0.278,0.093
294,0.365,0.264,0.109
295,0.361,0.281,0.113
296,0.372,0.296,0.111
297,0.389,0.273,0.104
298,0.367,0.267,0.1
299,0.364,0.279,0.113
300,0.377,0.284,0.113
301,0.35,0.268,0.117
302,0.354,0.283,0.114
303,0.352,0.264,0.098
304,0.345,0.248,0.091
305,0.358,0.256,0.094
306,0.339,0.271,0.092
307,0.353,0.276,0.095
308,0.34,0.246,0.095
309,0.365,0.273,0.104
310,0.335,0.266,0.091
311,0.333,0.279,0.09
312,0.351,0.27,0.099
313,0.355,0.282,0.104
314,0.339,0.247,0.099
315,0.356,0.273,0.114
316,0.354,0.276,0.099
317,0.354,0.263,0.102
318,0.341,0.264,0.109
319,0.358,0.273,0.085
320,0.348,0.245,0.098
321,0.36,0.255,0.107
322,0.368,0.271,0.112
323,0.353,0.254,0.1
324,0.348,0.272,0.095
325,0.367,0.266,0.099
326,0.363,0.271,0.117
327,0.347,0.284,0.108
328,0.35,0.262,0.091
329,0.35,0.252,0.101
330,0.348,0.272,0.105
331,0.366,0.275,0.114
332,0.35,0.256,0.097
333,0.345,0.249,0.087
334,0.351,0.277,0.103
335,0.333,0.263,0.09
336,0.345,0.276,0.099
337,0.371,0.265,0.096
338,0.345,0.264,0.095
339,0.324,0.239,0.091
340,0.363,0.285,0.102
341,0.365,0.278,0.1
342,0.348,0.275,0.109
343,0.36,0.269,0.088
344,0.356,0.289,0.112
345,0.352,0.29,0.099
346,0.344,0.265,0.101
347,0.351,0.278,0.11
348,0.337,0.261,0.085
349,0.36,0.271,0.1
350,0.335,0.258,0.096
351,0.325,0.237,0.098
352,0.335,0.272,0.099
353,0.363,0.276,0.095
354,0.363,0.267,0.095
355,0.354,0.249,0.087
356,0.341,0.251,0.091
357,0.359,0.244,0.076
358,0.345,0.249,0.101
359,0.367,0.261,0.103
360,0.343,0.267,0.102
361,0.343,0.281,0.097
362,0.345,0.269,0.102
363,0.357,0.252,0.088
364,0.345,0.264,0.086
365,0.367,0.297,0.107
366,0.353,0.243,0.092
367,0.339,0.26,0.099
368,0.343,0.257,0.108
369,0.362,0.271,0.095
370,0.385,0.278,0.112
371,0.357,0.27,0.093
372,0.343,0.245,0.09
373,0.341,0.247,0.092
374,0.36,0.271,0.094
375,0.345,0.262,0.098
376,0.34,0.266,0.103
377,0.347,0.259,0.093
378,0.355,0.281,0.1
379,0.37,0.259,0.096
380,0.365,0.31,0.116
381,0.353,0.271,0.1
382,0.34,0.256,0.088
383,0.351,0.254,0.092
384,0.348,0.255,0.099
385,0.352,0.275,0.121
386,0.344,0.268,0.105
387,0.347,0.263,0.106
388,0.348,0.268,0.101
389,0.356,0.275,0.111
390,0.342,0.282,0.108
391,0.365,0.271,0.092
392,0.358,0.273,0.107
393,0.343,0.253,0.088
394,0.332,0.261,0.091
395,0.349,0.253,0.121
396,0.349,0.259,0.095
397,0.363,0.264,0.113
398,0.338,0.252,0.092
399,0.346,0.253,0.1
400,0.348,0.288,0.101
